#Test code 

pi <- 3.1415